InputRays = [-25.40 0 0 0 0 1;
             -20.32 0 0 0 0 1;
             -15.24 0 0 0 0 1;
             -10.16 0 0 0 0 1;
              -5.08 0 0 0 0 1;
               0.00 0 0 0 0 1;
               5.08 0 0 0 0 1;
              10.16 0 0 0 0 1;
              15.24 0 0 0 0 1;
              20.32 0 0 0 0 1;
              25.40 0 0 0 0 1;
             % -29.00  10 0 .38 0 .925;
             % -29.00 -10 0 .38 0 .925;
             % -39.00   0 0 .38 0 .925;
             % -21.00   0 0 .38 0 .925;
               -5.08 10 0 0 0 1;
               0.00 10 0 0 0 1;
               5.08 10 0 0 0 1;];



Cercle:
InputRays = [15.0 0.0 0 0 0 1;
14.18725862550952 4.870492038070251 0 0 0 1;
11.837107640945904 9.213190690345018 0 0 0 1;
8.204222371836403 12.557497173937929 0 0 0 1;
3.6822823071119886 14.541003989089955 0 0 0 1;
-1.238690182084984 14.948767395100047 0 0 0 1;
-6.025431369794539 13.736599899825862 0 0 0 1;
-10.159223574386113 11.035858660096975 0 0 0 1;
-13.192106268097334 7.139210895556105 0 0 0 1;
-14.795419551040835 2.4689188542110103 0 0 0 1;
-14.795419551040837 -2.4689188542110068 0 0 0 1;
-13.192106268097335 -7.1392108955561016 0 0 0 1;
-10.159223574386122 -11.035858660096968 0 0 0 1;
-6.025431369794548 -13.73659989982586 0 0 0 1;
-1.2386901820849912 -14.948767395100047 0 0 0 1;
3.682282307111982 -14.541003989089957 0 0 0 1;
8.2042223718364 -12.557497173937932 0 0 0 1;
11.8371076409459 -9.213190690345021 0 0 0 1;
14.18725862550952 -4.870492038070256 0 0 0 1;
15.0 -3.67394039744206e-15 0 0 0 1;
];
